1763663002964 0.0946 0
1763663010448 0.08827426000000001 1
1763663017772 0.0819208 2
1763663024883 0.07553962 3
1763663032220 0.06913072 4
1763663039529 0.0626941 5
1763663046778 0.056229760000000004 6
1763663053921 0.0497377 7
1763663061019 0.04321792000000001 8
1763663068164 0.036670419999999995 9
1763663075401 0.030095200000000003 10
1763663082676 0.02349226 11
1763663089763 0.016861600000000004 12
1763663096840 0.010203220000000013 13
1763663104040 0.007228 14
1763663111144 0.00703 15
1763663118241 0.0068319999999999995 16
1763663125310 0.006633999999999999 17
1763663132362 0.006436000000000001 18
1763663139447 0.0062380000000000005 19
1763663146421 0.00604 20
1763663153444 0.005842000000000001 21
1763663160581 0.005644000000000001 22
1763663167669 0.005446000000000001 23
1763663174686 0.005248000000000001 24
1763663181759 0.00505 25
1763663188721 0.0048519999999999995 26
1763663195756 0.004654 27
1763663202786 0.004456 28
1763663209741 0.0042580000000000005 29
1763663216613 0.00406 30
1763663223600 0.003862 31
1763663230670 0.003664 32
1763663237724 0.003466 33
1763663244650 0.003268 34
1763663251633 0.0030700000000000007 35
1763663258661 0.002872 36
1763663265554 0.002674 37
1763663272520 0.002476 38
1763663279508 0.0022779999999999996 39
1763663286447 0.00208 40
1763663293392 0.0018820000000000006 41
1763663300321 0.0016840000000000006 42
1763663307345 0.0014860000000000001 43
1763663314267 0.001288 44
1763663321147 0.0010899999999999998 45
1763663328160 0.0008919999999999996 46
1763663335177 0.0006940000000000005 47
1763663342120 0.0004960000000000005 48
1763663349186 0.0002980000000000002 49
