1763663002964 0.0 0
1763663010448 0.0 1
1763663017772 0.0 2
1763663024883 0.0 3
1763663032220 0.0 4
1763663039529 0.0 5
1763663046778 0.0 6
1763663053921 0.0 7
1763663061019 0.0 8
1763663068164 0.0 9
1763663075401 0.0 10
1763663082676 0.0 11
1763663089763 0.0 12
1763663096840 0.0 13
1763663104040 0.0 14
1763663111144 0.0 15
1763663118241 0.0 16
1763663125310 0.0 17
1763663132362 0.0 18
1763663139447 0.0 19
1763663146421 0.0 20
1763663153444 0.0 21
1763663160581 0.0 22
1763663167669 0.0 23
1763663174686 0.0 24
1763663181759 0.0 25
1763663188721 0.0 26
1763663195756 0.0 27
1763663202786 0.0 28
1763663209741 0.0 29
1763663216613 0.0 30
1763663223600 0.0 31
1763663230670 0.0 32
1763663237724 0.0 33
1763663244650 0.0 34
1763663251633 0.0 35
1763663258661 0.0 36
1763663265554 0.0 37
1763663272520 0.0 38
1763663279508 0.0 39
1763663286447 0.0 40
1763663293392 0.0 41
1763663300321 0.0 42
1763663307345 0.0 43
1763663314267 0.0 44
1763663321147 0.0 45
1763663328160 0.0 46
1763663335177 0.0 47
1763663342120 0.0 48
1763663349186 0.0 49
