1763663002964 30.92984 0
1763663010448 1.82825 1
1763663017772 0.21557 2
1763663024883 0.04365 3
1763663032220 0.01984 4
1763663039529 0.0138 5
1763663046778 0.00756 6
1763663053921 0.00449 7
1763663061019 0.00342 8
1763663068164 0.003 9
1763663075401 0.00281 10
1763663082676 0.00266 11
1763663089763 0.00257 12
1763663096840 0.00247 13
1763663104040 0.00239 14
1763663111144 0.0023 15
1763663118241 0.00221 16
1763663125310 0.0021 17
1763663132362 0.002 18
1763663139447 0.00188 19
1763663146421 0.00174 20
1763663153444 0.00159 21
1763663160581 0.00148 22
1763663167669 0.00137 23
1763663174686 0.00125 24
1763663181759 0.00116 25
1763663188721 0.00106 26
1763663195756 0.00097 27
1763663202786 0.00087 28
1763663209741 0.00079 29
1763663216613 0.00071 30
1763663223600 0.00066 31
1763663230670 0.00059 32
1763663237724 0.00057 33
1763663244650 0.00054 34
1763663251633 0.00047 35
1763663258661 0.00044 36
1763663265554 0.0004 37
1763663272520 0.0004 38
1763663279508 0.00036 39
1763663286447 0.00035 40
1763663293392 0.00035 41
1763663300321 0.00032 42
1763663307345 0.00031 43
1763663314267 0.0003 44
1763663321147 0.00029 45
1763663328160 0.00029 46
1763663335177 0.00029 47
1763663342120 0.00028 48
1763663349186 0.00026 49
