1763663005051 0.0 0
1763663012461 0.0 1
1763663019734 0.0 2
1763663026931 0.0 3
1763663034238 0.0 4
1763663041567 0.0 5
1763663048795 0.0 6
1763663055921 0.0 7
1763663063037 0.0 8
1763663070172 0.0 9
1763663077433 0.0 10
1763663084702 0.0 11
1763663091789 0.0 12
1763663098881 0.0 13
1763663106061 0.0 14
1763663113169 0.0 15
1763663120231 0.0 16
1763663127328 0.0 17
1763663134379 0.0 18
1763663141446 0.0 19
1763663148430 0.0 20
1763663155488 0.0 21
1763663162617 0.0 22
1763663169667 0.0 23
1763663176727 0.0 24
1763663183779 0.0 25
1763663190733 0.0 26
1763663197784 0.0 27
1763663204811 0.0 28
1763663211768 0.0 29
1763663218640 0.0 30
1763663225638 0.0 31
1763663232715 0.0 32
1763663239765 0.0 33
1763663246719 0.0 34
1763663253626 0.0 35
1763663260698 0.0 36
1763663267601 0.0 37
1763663274579 0.0 38
1763663281561 0.0 39
1763663288504 0.0 40
1763663295441 0.0 41
1763663302369 0.0 42
1763663309389 0.0 43
1763663316317 0.0 44
1763663323202 0.0 45
1763663330230 0.0 46
1763663337215 0.0 47
1763663344135 0.0 48
1763663351230 0.0 49
1763663353837 0.0 49
